5655
611
6807
6018
537
2396
5359
737
4503
7767
5139
460
265
4169
2545
6786
9600
2130
6156
6321
999
5056
4777
613
8009
3490
8185
9551
2291
384
4744
6
7723
5930
2917
5858
4034
7710
227
2422
7990
2574
1328
5277
1707
1
1332
2665
6714
2120
8380
6360
2106
1219
7128
824
7279
7318
2673
1692
4016
8151
8303
7072
3069
8617
9338
281
4897
2029
4768
1633
5252
3607
5110
193
8677
6863
9266
7775
9958
1626
4953
203
3399
3720
7636
3365
9784
8623
1480
7857
1049
7240
7846
3117
7476
1656
848
9314
4014
3650
9517
1113
3482
250
7599
64
3103
9933
4547
7405
8891
1856
3209
7427
1575
4502
357
7027
1180
5862
4661
6068
1974
2860
4243
3094
2585
8943
2877
7619
50
3699
2051
1863
9567
32
5025
8849
2993
1682
9647
2331
2769
466
3909
7783
8337
3877
8082
6090
1284
9476
4623
1758
3152
3052
1567
1906
5267
9126
3210
7268
3284
6138
3147
1442
1787
767
1510
6221
8596
8486
5773
5424
3312
6024
4629
2896
5933
2221
645
3091
5143
3583
1663
4998
9790
8686
2626
9322
3786
7301
7519
2206
6236
7757
7850
2899
3655
1185
7988
5420
1775
5713
103
2276
3633
154
3601
7333
5459
9974
5540
7126
9197
4289
1197
8805
4872
700
1732
2293
6102
7781
1059
9321
7507
950
2715
8610
7306
6460
6051
8165
4939
2635
6851
2273
3771
9857
1408
4767
5788
1480
7304
2778
6815
4144
5457
9762
7463
3933
7468
4332
2640
8556
2512
4604
1776
8171
7493
902
108
9290
5181
2512
5502
5821
666
284
3462
9651
988
6277
9103
2844
1977
3960
8292
4918
98
2934
4402
2216
1620
5510
9679
9603
1836
4224
5963
3014
3439
4199
8054
513
1673
6695
2499
205
3235
3280
9371
4970
5931
352
8133
4072
1567
7304
6388
7594
3129
2488
8609
3287
7474
1389
8731
2883
5184
8988
1373
830
8850
2879
9599
8491
2478
3583
9967
3556
2216
8178
2321
8764
6646
120
1684
9701
4049
465
8024
9603
4911
7233
781
7713
9823
3014
8237
4034
1060
4345
1549
3643
2454
3411
2895
5263
4133
3459
796
3706
6767
8461
8368
2131
4196
6116
6342
2636
7209
427
1510
4827
3690
8921
7693
590
2195
3531
796
5146
7552
3150
6115
2469
4483
4990
7487
2085
3830
1240
2881
4088
2018
8631
9425
917
4767
749
4771
1379
9261
4127
3161
4665
66
8407
3897
918
4085
1572
8704
5826
635
5668
775
4996
9440
7829
5382
3893
8345
9257
2966
964
135
1448
2635
7420
4125
2138
7409
8964
2694
7829
7910
8661
2529
3955
5561
7761
2031
1256
1186
1057
6943
6803
3474
6208
5030
1475
9980
5911
9573
1708
2804
6200
9254
3465
9302
5919
5928
1972
778
9557
5963
3284
391
1111
6381
1239
8326
247
8535
1568
1625
8881
7154
3330
6539
1153
8766
2654
4377
1507
67
5737
5762
1723
713
2258
7659
1606
1718
4882
4710
160
4566
8805
4931
2759
352
3336
9447
5872
2070
8676
3101
2713
2605
2202
7307
3247
3054
5726
1366
3265
9196
7593
7448
2292
5654
8122
8401
9961
7088
141
4043
7836
7197
8191
19
797
8288
5201
3957
2196
5380
5307
8390
3489
9751
546
888
1506
5646
9469
666
5753
4213
3700
2318
1037
8423
6218
848
9071
6589
7197
2467
8016
4058
9035
1069
4402
8086
1960
198
2380
2712
5213
1661
3057
7402
1827
6780
2243
1960
7520
6158
2755
265
5121
5373
1149
7634
1657
9552
82
8823
1833
4213
3430
4083
9953
3195
9196
3833
613
2596
6878
1516
3171
6777
785
9484
2452
6719
136
4450
3474
8648
4504
2079
329
2157
8652
5104
6112
7690
5050
276
10
4058
5173
7712
7816
8437
7252
6435
8337
7815
51
6278
7749
7299
6953
5047
702
8520
7162
8774
7480
8642
7678
2270
6899
4292
7938
2456
9511
3669
5245
5325
631
2857
4405
4123
3288
2994
5395
218
1412
6901
3556
4687
234
3714
1057
8257
2265
543
6434
7626
3485
804
943
5807
8120
8412
7927
8980
2805
58
1156
5162
1705
9242
654
1226
8059
2762
4127
791
1829
376
1879
5935
8475
7902
7346
8402
3004
7228
1126
9671
8151
5028
6641
2778
6384
9996
8675
3770
738
3583
2487
7171
3111
5157
744
8439
2070
3333
402
5490
7917
5912
5110
718
1343
4207
978
7124
7887
8023
4480
2308
4702
7068
1870
1159
4258
5069
3070
9123
3543
6206
5390
15
442
5859
7099
3912
9060
8924
5922
163
947
7883
6168
1235
1503
6670
6330
3949
9292
1225
8103
1675
155
7908
172
1278
8950
2965
1296
1607
780
5743
8002
8552
1161
9915
7743
7302
1018
1749
6073
4081
6832
2283
804
2888
4339
7954
2531
759
2536
5674
6434
8178
1478
2690
8773
5814
9541
798
4673
990
1960
8008
2137
7220
4605
3670
765
1464
6499
2651
5453
1638
3355
8416
4836
8115
1794
3187
9619
7320
6510
752
3979
8194
502
3488
6880
5337
8055
8992
1818
6847
8692
7443
1597
2812
286
2314
2619
1832
6773
2163
5112
9576
5709
592
7983
2557
6836
7194
2388
217
8580
9157
841
2371
6244
2069
5684
5533
5619
6817
2481
9188
5304
952
3860
2775
2355
6049
9826
5964
9672
3287
849
9760
2030
9205
1725
3358
691
6190
9308
9457
2450
4128
2724
1789
2583
1594
59
4443
6306
8556
8175
9523
2683
5133
3928
6911
5141
3923
8971
9533
1285
7646
2144
3638
4021
726
8678
1933
8372
8855
837
4634
2001
4986
5396
7335
584
454
4092
7994
3291
1798
1549
3637
7205
2444
7712
4602
2075
9990
7772
339
1492
2097
7693
8849
9099
3868
1522
5667
3154
8030
1110
5994
1289
8826
225
3099
6175
5665
1087
8932
9927
7448
3618
514
9039
6109
339
5890
3998
7156
1247
1526
8428
2119
5408
9851
6551
1725
3001
681
4867
3482
9014
7834
705
6056
8643
4671
2467
2243
796
6191
4206
9723
7157
8945
2145
7974
8923
5933
4693
6101
11
6670
4022
5656
6881
3450
5842
6868
9763
1829
3295
1907
7119
642
3585
3164
7682
1916
1900
1061
4955
5524
1527
615
3312
2620
3202
9585
4255
9476
1513
815
7511
850
5689
348
1224
7111
2771
6246
2984
8240
3087
2465
7208
1722
5139
1647
2743
5130
7939
5454
1749
7803
1931
3730
1594
7801
987
9413
1879
1918
290
1372
2797
651
7406
5228
8461
650
1619
1821
6673
5009
6075
173
281
9033
3516
4616
3752
1648
2304
8455
8576
1788
7329
4918
1578
6721
9763
2859
5483
5477
5959
2851
7748
5857
4173
1791
601
9003
3001
8864
5972
1506
6186
3582
6554
7353
3207
7423
9006
7544
4970
7254
9285
1359
2578
3338
138
4812
9283
5017
9043
8559
865
9181
1540
8828
6477
158
6098
2225
7710
3191
554
297
2836
1565
2691
4880
1642
4269
9634
2088
5242
3205
9709
7211
7173
9767
5281
82
5859
2378
7447
3621
1991
2065
21
6820
8598
1215
5393
2725
1178
9467
1228
5455
6467
993
7340
9399
8125
9897
2362
7129
5143
124
6590
6233
2483
1684
5079
5434
2362
6659
7568
1007
962
6519
5263
6896
1378
1708
9839
8031
3476
4595
8864
5324
8540
5666
2830
1046
9369
9595
1216
9411
490
5986
6961
2129
51
6489
5972
6349
8848
8206
9956
8949
2345
871
8778
4857
5606
8077
8306
791
7621
7095
4400
4216
4314
8008
3471
3380
2262
1964
1354
5485
891
1230
5999
6491
3294
8286
1696
8740
7470
2594
2684
8030
9813
6762
6606
9703
1405
6456
3348
4309
196
3264
7139
5178
7299
5676
24
4011
27
1683
5234
7873
4209
2155
863
3263
5804
28
8820
2788
8636
4023
9201
1188
7213
839
387
7474
7149
9911
6732
5937
6266
9941
9216
2763
9263
3253
5234
6737
4369
5672
911
597
6565
5822
696
4276
5812
746
2278
184
1009
4694
6009
2013
7498
4135
1825
7410
2238
2897
6673
6450
9999
7278
5601
260
1303
9483
2755
6639
559
2468
2040
6418
638
5153
8324
947
3423
4481
2607
8583
9814
2662
4989
914
9332
9920
3761
5791
7097
7871
605
6209
202
1507
1325
2459
7235
7271
997
7757
4046
8382
9575
4064
4596
8300
3018
8116
8916
1351
2104
1608
226
1215
5542
8954
482
4780
6329
4864
3173
5912
711
694
5859
6637
9788
2888
4666
7520
7582
5411
3221
5806
8371
9303
3169
4805
1570
1903
9980
2022
6967
5460
2286
5034
747
9551
6125
1379
5267
2846
2940
7796
87
3273
3363
9987
4454
3813
2229
4222
3816
1112
2813
4908
5044
1102
9339
6678
8916
156
6174
470
6229
1235
5986
1262
5667
1239
8844
2923
6373
2225
9891
8460
8277
9666
8210
9422
7155
9000
2347
2138
2986
422
7726
9169
7346
2703
4346
86
4744
9235
7235
1213
6219
9837
7877
3971
9048
444
5864
3166
6585
6993
8548
8070
2345
7944
6071
1653
7019
8187
2933
4651
4828
5091
271
2612
3093
3312
3223
5358
5190
8923
2003
4853
4400
5370
5536
8626
1617
3172
9048
1940
7365
4341
1687
5421
3035
9604
7259
5632
8774
5380
5690
2073
1061
920
4633
878
5702
6410
2026
8052
5606
4125
2261
2534
2763
8977
4794
3153
550
552
437
6851
1315
5735
5876
1766
7539
7422
2261
1927
9980
555
3347
7180
4319
4364
2403
6310
8651
8677
7834
2354
560
9329
1665
3174
4438
2235
2508
2411
5007
1599
1175
8821
8330
1373
8705
2523
2265
3134
670
6115
6566
5194
2424
6909
4753
7001
5350
5636
3789
3832
5984
4912
1068
9679
4049
1775
5384
6528
9325
5413
7828
7683
8117
2081
3906
2960
8793
35
8374
2524
5022
2619
1754
2280
2160
5123
6195
9989
4345
6128
3028
8797
8371
9301
4595
2670
2346
6648
8857
3672
1382
873
3837
5290
4456
6944
9139
936
3010
1878
2400
9263
6956
8103
4369
3532
1124
5383
8925
5146
437
67
3881
1994
9612
3257
3355
5384
2439
6650
6481
9755
6910
1662
4306
8797
3559
5961
5189
8940
4789
8717
3936
2145
8288
848
6068
3871
6139
2640
7976
3870
9314
8580
1154
6120
3650
6980
3245
5555
2078
3948
2712
2369
1326
5884
2491
2164
3435
532
8816
422
281
9215
3487
7848
5475
2445
4105
793
2286
4310
9290
8217
4071
6107
793
7071
2686
9295
2146
8808
6423
8486
4838
5073
6606
7500
2560
4471
2267
5369
9612
2028
4966
3428
8003
2637
2381
3958
8570
6690
5668
4737
796
7061
2444
2097
1573
5014
4407
4257
8848
4815
5275
9056
5747
2932
1285
2933
6202
2685
112
5729
2769
4679
9814
6645
6422
7895
4741
3604
9614
6529
1718
2426
2406
2696
9579
4845
9565
8855
5830
82
6897
6671
5842
9459
5623
9746
6620
1072
6015
8896
1665
7411
775
2495
9583
9
4127
5664
1236
1838
2988
5711
5820
8344
7713
1468
2489
423
6443
3464
6691
1915
1820
7058
9971
5110
8554
8051
426
9427
6585
4774
1799
6760
7254
6636
4521
2664
1253
2030
9650
5196
46
6677
9917
2083
9523
8679
8369
983
5014
7986
6053
4594
7288
9310
6918
3665
389
4654
6008
7976
1710
2648
26
1735
3127
1461
4205
2379
6082
2042
7942
3527
4971
5064
4209
1236
9862
914
6280
1990
9846
301
8469
4354
4495
6348
581
1629
5342
9565
3229
855
1640
7197
7729
9768
7680
8371
3699
9385
1645
9260
5944
4454
2011
787
5457
9250
9969
5412
8233
1147
6643
7025
2282
2656
1080
6212
2262
3281
5999
9830
7442
1894
8605
5455
6469
7139
7498
9199
1858
8074
190
3436
6433
1681
3782
9725
3141
7573
4763
4535
5338
543
1173
3510
1325
9590
5595
2062
7905
8981
2238
5698
559
9087
5751
9572
5213
6209
302
2815
3026
2534
413
9442
8521
2224
196
2029
6068
3510
6686
2993
8883
4505
7572
6611
5990
7707
6880
4945
863
9634
9541
8921
2747
121
3741
2358
4802
4345
8339
6827
8109
1014
7458
6197
4263
876
6765
3820
5767
5132
9089
3387
2030
1745
4504
4689
4924
9256
1919
8263
3591
6687
3450
2754
5199
9613
4151
3435
715
2227
7760
4813
9032
4225
8453
8814
3124
5740
137
2722
326
3599
7308
669
5344
7679
4537
9304
3335
5108
5216
4998
7026
7668
7879
9191
7362
1874
3309
316
4145
6615
9247
1851
5982
1504
6974
1990
903
1001
5952
2327
1624
8071
358
4911
9572
2108
1999
9056
6384
1367
2187
1559
8440
650
9571
1726
5245
9840
1222
8400
9852
4814
1847
4526
165
185
5813
2770
1881
5849
9291
3267
1493
9101
2009
8536
7327
2607
7890
5744
1327
5529
7465
3938
5280
1480
2565
7056
343
1680
7116
2673
2771
4672
1903
5390
3813
6231
6979
8861
6674
1094
4224
9373
1094
6936
9709
1858
3100
65
4971
8210
907
7555
432
6014
6867
2086
4807
8917
713
2488
2199
3237
783
4579
2433
4035
2951
5295
8926
7550
6073
9784
5960
8751
2611
5985
2888
3075
9857
3144
7136
5724
6125
1564
4153
1252
2696
477
1536
7012
7130
1522
8589
853
8103
1777
2676
485
9091
2731
6559
1244
2743
3813
5308
2703
6483
3119
195
4436
1366
9358
5579
7367
4541
1372
909
3773
4136
9667
5288
2551
9699
4966
8695
3097
1892
1281
8544
9035
304
5282
2303
3008
5059
8391
370
9574
4175
6602
1190
4381
7108
1227
2626
5419
1970
2188
9426
7279
5499
8755
5271
2708
6780
8699
301
8201
5645
8652
477
2719
5687
2156
6724
5490
4965
3734
4852
907
8174
7162
185
933
1203
2885
5135
896
5252
1683
7650
595
7432
7378
5221
1700
4988
2761
8711
6748
1339
5528
2820
8839
7055
9490
2376
922
7351
8904
8057
5288
4761
6920
709
4470
2410
3478
1097
1853
2252
1689
5507
5968
6295
1258
4475
4175
4732
4120
2910
1676
53
1327
1675
5132
5553
347
3794
495
1743
743
9352
4499
8472
459
2736
3254
6898
5461
5799
6779
4626
6503
9375
6928
7553
1122
7967
4589
7443
4977
6632
1039
7508
4313
7051
9141
3348
9183
9193
3915
7845
2171
6475
1829
4866
9291
2692
670
9938
1835
2899
8434
9517
1812
9309
425
1310
6546
7930
5062
42
3387
1759
6318
9600
7757
716
8844
5329
5686
8775
7076
1698
6650
1689
4838
528
6321
6215
2454
2515
4447
8884
1082
7862
3000
2885
2996
3381
7651
4965
289
1544
2638
7689
272
4096
1011
1111
9255
8480
3705
6419
5459
2286
5422
3930
1518
3065
6916
3699
9462
7484
153
306
4955
1620
9611
8591
4601
5919
2332
5270
2631
918
179
7504
1855
6173
3971
8434
1359
2504
1247
757
9663
464
1342
1126
6901
1109
3372
6446
437
2342
9122
9317
1789
3776
3654
6898
9248
8484
101
2343
4256
3692
385
3499
6833
8414
2614
1255
4876
8129
8785
4101
8178
2800
2275
5109
4754
4318
4914
4978
3709
1993
368
901
4823
1105
1296
7496
1600
811
9943
8046
532
3649
4560
9953
8864
812
7923
6508
3798
2645
950
7979
1843
6664
9395
7775
4814
3370
4924
1798
8260
5980
5149
5642
3266
336
8402
985
1442
4508
2457
4309
1099
1133
936
4828
6722
2462
9730
8427
8085
1593
9302
5903
3849
7901
4425
3852
1089
2737
6485
3090
2659
1256
6337
4188
598
5829
9459
1019
911
1360
1555
8658
8796
6442
210
5299
1536
2637
5643
1307
9200
8776
5097
2297
5277
1466
698
900
6323
9612
2370
9790
593
9412
1811
2787
731
9127
9723
1095
4493
2255
3390
1455
736
1965
1701
526
2321
785
9351
3347
1808
1784
984
9105
9559
2485
8256
2080
9228
515
3981
6514
6408
9449
2763
520
153
8335
7538
533
7332
1024
8497
8659
8303
5585
7194
3349
447
5457
5086
7277
3149
9233
4842
9183
782
7958
4290
3382
19
221
3485
9862
8494
5006
9233
2065
5783
2580
2017
9565
4158
3372
9652
3526
545
8972
5400
8592
2400
2614
7622
1424
8127
764
5944
140
7084
2294
8232
863
3186
4530
6139
7346
8669
7132
3502
9400
6046
9247
8127
2104
353
2410
5711
7680
6318
9286
1959
295
2557
8391
5049
2484
8686
4273
3256
494
23
7309
8363
1716
6415
7500
2429
3998
1099
1515
6697
2867
870
2279
3300
6812
8118
8659
1611
8345
445
248
6671
3411
2110
797
8766
1681
2737
1447
9908
6287
6280
2226
7970
4891
1667
6976
2542
8530
5072
8482
490
8412
1687
8341
4665
8803
309
4510
7295
41
9256
6602
1801
410
5675
2479
718
4143
6929
2231
1492
4469
9351
2606
6421
6014
6869
1833
2515
1638
2230
8537
9866
2041
3129
3425
741
5171
2134
2532
8788
2888
5045
8579
3772
213
7451
6262
6159
9526
2182
360
7758
3978
6156
5256
9165
5236
4223
9197
6390
4931
2099
4057
352
9828
6867
9010
9744
6694
1153
7165
2657
5374
4381
204
5937
5421
6760
9609
892
3087
2616
595
2620
2964
430
553
9425
1076
9127
2756
2366
4767
6561
4826
5252
6212
7774
7600
6819
595
8349
3024
1550
515
9799
2060
8574
3384
808
4625
4026
8448
2159
5951
2454
3261
6567
9048
8201
6584
1254
8919
2803
9492
9846
8036
2255
1232
4995
8261
6805
1617
1524
6598
5891
5232
2573
4684
1661
2367
6388
8054
755
6530
5170
3237
7794
8684
1309
8702
877
1479
1780
3422
2526
2824
9611
5517
8519
9458
3639
6
8702
5418
828
4550
2185
8203
1013
7939
9334
8155
947
9583
1278
6622
7515
7517
8874
5033
6521
9347
2310
9
7849
7488
7750
1541
7559
976
55
9361
3093
6718
1207
9637
9838
5417
1943
2014
6632
2714
5423
4675
1519
2469
9107
5306
6560
4878
7317
9020
9187
990
6203
2022
8109
3366
7155
3330
6052
1059
6180
6709
8708
2226
4407
2826
8945
5142
1061
3775
2446
2617
7922
6142
3022
1215
6603
7536
8410
7969
2748
9341
1410
8280
6805
7430
7175
9863
814
2326
2568
7054
1224
102
7339
6925
854
6593
9199
9846
2140
1736
7439
583
7286
4918
2730
1126
3901
1094
673
9389
7878
3908
4880
504
4443
49
3936
8508
4029
7419
6940
2123
1130
6508
4579
9461
2796
5154
1230
1985
4931
6975
7635
572
2596
8114
265
5985
8913
6598
6924
3835
3419
2617
1939
7127
4453
2687
6016
7388
731
1176
6888
4063
6850
191
7524
2274
3874
3013
6327
9726
1426
5102
5025
9265
931
6522
1444
8681
1168
262
5013
1490
7011
740
52
3948
1019
4824
9775
2848
7309
5381
6948
6388
2649
1016
9238
526
7423
5586
5362
342
6930
5628
7571
2670
5227
2918
594
6742
2432
2832
1522
6331
4919
9373
6267
2480
6102
469
309
7792
7085
3802
7847
1714
8870
7213
4289
4238
3707
273
4327
1280
5593
5361
271
5051
6420
6526
1005
639
6092
1723
6236
5053
8638
4988
5520
8874
4973
9228
4217
5075
7538
1119
4363
4529
6402
4311
1516
3389
9919
6459
7102
4629
9346
9476
1325
1694
4071
8554
11
9949
537
1647
5979
9217
1056
8810
634
8387
6216
6311
9604
9650
5845
9532
4694
2264
3907
671
192
4512
178
1670
7150
9884
7890
447
439
3378
203
3890
8373
1655
241
4612
6310
7567
294
8509
8482
1987
8960
2524
543
1956
6108
2153
3857
6991
6131
5787
9397
9634
5533
956
8592
8414
9779
9113
1588
2973
1001
9406
3667
150
219
3762
1527
8174
5863
8207
4896
4209
8412
437
9839
690
9361
6846
292
5423
3898
6453
8643
4569
9494
3043
5132
8994
1340
6378
1947
6072
9576
8422
1357
1
8800
7841
1892
7367
1435
6774
6988
838
4788
2056
4575
3875
796
2388
6486
1680
270
9523
1714
8925
1431
1413
1130
577
7750
8747
2965
2058
1504
707
4794
2113
4854
121
1942
2497
5915
1228
8062
1225
7153
3919
566
2256
836
5073
8353
1753
9929
5759
3897
567
1480
7688
7762
1219
6423
5554
4826
8571
3753
779
6916
333
568
5010
7717
1941
9598
1639
8238
2131
2346
2625
9595
3137
1297
2110
1387
1811
5331
7680
9218
8383
2863
1014
6859
1919
6393
1736
914
4277
2988
6840
1313
382
8667
6981
1225
7866
2476
689
2755
6027
3287
5909
4951
2077
8155
9924
1741
2661
2242
1710
7667
2284
2342
6982
2606
2782
1700
2293
7188
7165
32
6304
5626
8156
7961
568
441
5161
8702
8577
7510
8954
3441
1573
1426
5660
9851
9689
2383
9752
4208
1569
741
439
6996
4863
4307
4087
2463
5058
7274
2414
8173
3037
6454
1422
7801
4212
382
810
2123
4719
7983
2664
9583
3016
2548
8727
1752
6263
6937
8707
6388
3808
1439
7575
1906
8683
9154
3523
2114
6229
1834
7294
4860
5653
4447
893
5315
8114
4801
4516
6283
2211
2006
5244
3497
934
581
5446
3386
949
1378
4255
6183
3349
1499
6677
6311
3377
1155
649
1861
9304
4733
7333
4468
3682
8139
848
3712
3608
647
9776
8886
6133
835
7727
1351
4391
9292
9936
6745
4266
9572
4068
9839
2407
4159
8985
6379
4169
4974
5202
8993
6145
6875
3548
8301
1403
1188
1280
2279
2096
1915
1109
1797
8013
5309
8552
8786
8051
8418
8414
2446
1488
2197
7689
4151
1567
8628
2298
7974
1659
394
6022
8573
1450
5131
3515
4591
4008
9600
9588
5312
7809
1332
1292
6575
8595
5853
5264
5825
6642
1967
7048
6337
1566
590
2071
6452
4243
2850
7136
8353
1199
6784
2124
4513
7210
7879
5833
1267
4209
40
9509
3188
578
4825
9660
7245
5071
6315
5582
4733
4957
2683
1333
5656
7132
1206
6037
7392
6684
1809
6116
3
126
6936
2700
8501
9320
6693
7359
3184
8397
8755
491
6826
3069
5363
1038
9222
9385
127
4635
6620
8922
9278
5021
2877
8338
5623
1356
930
2434
921
1806
1269
6686
458
8815
5538
974
190
5972
2127
9414
7115
1085
458
3545
1882
1273
4850
4393
8609
9423
376
1762
4735
121
6327
9016
4999
1667
8802
1710
5409
6101
1261
3880
2077
637
8400
5427
8490
3345
1271
2084
1606
20
8860
7566
4822
5542
3401
7704
2664
4353
969
5070
8007
5201
2335
9446
8384
8019
1593
3718
930
6386
7717
5621
4411
9582
1477
4303
9377
2174
6256
7677
1069
7895
2889
9060
3359
8973
9380
7836
6622
1241
1141
7732
2318
4316
8619
4660
2712
3332
7662
4340
7412
3836
8069
3339
7962
7864
1403
4826
3210
7874
5186
6682
7768
5487
1176
2019
5404
3253
378
8062
8857
6544
9718
7006
4092
5315
7061
602
4503
701
5913
1214
751
7884
1139
2148
7283
3414
3657
4284
6318
7957
2022
8803
783
979
5666
1571
375
8327
4755
8103
8402
4126
3300
2978
4025
7069
7541
7969
8167
630
4099
3118
6651
1754
6521
3606
350
8798
4263
29
8229
5425
5955
2960
1545
8892
4382
7372
3654
698
9496
4126
9408
2490
7333
8570
4317
6707
3026
1135
7694
5496
7747
8890
5711
9693
4127
4027
258
5689
2558
7781
5511
1531
337
1754
2144
9457
356
4678
434
9591
4048
7050
1149
2013
5043
9533
3135
5149
7252
6462
502
2315
2929
2972
1109
4206
7403
633
9689
8702
2885
8861
3468
6861
5449
9767
2554
7547
8236
7113
802
3557
9251
1477
2479
8783
197
4450
7384
4338
2579
6756
821
1046
9030
9867
6451
1588
2887
2634
6441
7093
1205
9115
6140
4719
1266
801
4032
7138
2143
5598
4656
3869
8409
5686
2911
5223
9876
4739
8240
4475
1064
6811
3540
754
1513
2447
9618
3623
2347
8453
8971
4760
1252
5528
3534
4969
1924
7870
6793
5149
580
6651
626
1127
8987
5477
4309
6701
7
183
79
9551
1690
2329
3130
679
3618
3648
9993
1425
4477
5730
2551
3004
76
7917
2699
194
8488
7672
7871
3141
9827
9626
6081
8650
8145
3097
889
458
5990
630
7084
1815
7601
3768
9185
1932
1897
9238
2930
1592
2135
8553
3109
5004
2501
6160
3883
7842
4485
6118
2184
7313
3941
2241
4357
6319
9969
1708
4755
1142
378
8760
1105
7306
7173
799
1951
5801
6215
7817
5283
1748
7872
226
8924
6878
4965
5739
1606
9778
7603
3871
4238
1274
5825
6746
3062
2269
9941
4757
3130
8040
2425
7317
1028
321
175
4005
8493
8215
6979
9121
9878
3310
8401
501
630
6618
8918
4964
3588
2730
6923
5277
1959
7735
6159
9291
8539
8429
8772
3837
2824
5081
5773
2949
1710
1715
535
1492
6531
9742
7910
4646
6577
5950
2896
1114
2281
4089
6352
7749
7356
6145
6756
1127
92
7889
1704
7790
5870
4982
1334
5290
4067
9136
1838
4065
5047
2297
179
5043
3369
8357
3270
7024
8444
363
1927
7481
9214
2099
8105
5301
871
6032
8342
4197
1268
9264
6995
4058
8869
5905
6660
9141
3907
6182
2579
207
6135
7739
4125
5658
6966
3909
3405
1720
49
1038
2990
9770
189
8095
2795
7196
3597
1118
1545
6479
3241
6795
2648
7207
2857
661
3477
7398
4514
9603
3268
984
6037
896
5388
785
4868
1958
9203
4260
7462
718
1580
1830
1853
1398
2349
8610
2038
2228
4230
3645
8881
2827
7055
1949
4658
2507
2978
1286
1479
190
5257
1605
5626
3952
8377
9856
2505
1631
6559
8541
5493
404
3513
6723
4904
1503
9240
4782
3130
138
5652
3351
3413
7111
7457
3059
7063
1259
2209
8475
1673
607
2139
108
8974
117
9962
8751
7662
7768
5753
5756
7684
7655
5373
6730
3460
2547
2019
1018
8080
2183
1996
2470
7181
4040
6101
9219
4370
6684
6220
318
8161
6464
1889
4599
1657
852
1177
2567
3243
4314
2073
5463
6315
1056
7905
3348
1226
3306
4246
3758
6834
9491
6372
4320
8417
2645
1316
8101
9609
647
8683
8456
823
5238
7491
8780
5219
1416
4446
2846
7271
8157
4119
7288
5172
4678
476
7287
2562
7195
3865
6736
8070
8679
4358
1438
4936
6599
4741
8511
4549
4963
5732
2672
195
9052
5242
4725
8243
9783
2960
3117
5660
5288
1036
9222
9542
6387
3222
173
1411
574
8293
2057
1973
7387
154
2809
2444
2517
5792
4858
5230
3545
433
4733
1932
7431
1981
9033
2515
6025
2999
3357
3904
9108
8048
9320
680
7836
4904
3917
6839
6140
1025
9121
4695
9814
5959
2167
4531
3352
9965
1614
3660
5793
2778
5625
5740
7314
3396
9439
4089
2935
8843
9988
2620
3192
8153
5704
1347
6171
1208
8575
3028
2301
4406
5696
2195
2881
9829
1393
1606
5000
533
6084
582
6594
6917
11
281
7507
7415
977
4990
9865
3397
1420
312
5757
433
4861
3039
2328
289
8954
2051
3800
5786
2383
5330
2836
5052
7120
1964
7996
2383
1170
1014
2932
6700
75
8268
6994
815
7046
5978
4422
2027
2507
604
4122
4511
6111
8756
1034
8920
6312
2796
8326
5831
9844
4765
1414
9076
7963
4559
7517
2643
9841
402
4512
2902
1680
301
2169
3683
1110
4852
5239
7032
7323
6703
1320
3324
1606
233
2506
1879
8352
343
8207
5749
7113
9898
4143
3510
6217
2389
3378
1754
666
9539
4830
3228
1604
7635
5757
3884
5001
2614
9203
7633
6387
2475
9487
351
9098
7944
752
2565
4762
1051
7642
5594
3284
6097
2040
5194
628
4648
5572
1771
579
1344
8405
5077
9678
8344
8968
5361
7847
8998
2531
7216
2203
1366
934
9616
867
3863
803
6843
1678
241
3775
3200
3055
236
8217
9590
1923
4574
3194
1454
8278
1315
782
7241
1110
5618
9346
7066
1608
8013
1390
8860
3722
1945
9846
1223
5865
8703
8715
4736
4452
7282
87
4174
1185
3457
2969
4628
7278
8832
1053
6716
9130
5378
5760
976
8629
3306
4611
2335
2149
9635
8509
5342
9114
3435
7814
3053
4805
9143
8801
3196
4884
9428
8538
5741
801
7338
5921
5163
5853
901
293
5708
263
9271
932
4467
5873
4840
7122
1209
4324
8111
408
829
226
4646
6607
4601
9533
1673
1933
8871
6759
9055
4655
132
2329
7725
488
212
488
4919
5001
5430
2708
1928
7682
57
4003
8771
9415
3647
9662
3659
1862
9185
6426
6736
9864
4835
1962
443
1702
2570
307
3661
6911
5659
1792
4739
39
5718
8775
140
1137
658
2027
8253
113
7018
5091
8773
3131
6313
1452
5229
5904
3970
7994
4291
5866
1572
9605
6647
1029
4796
2209
3092
1185
1179
6350
1699
37
2857
9218
2637
2071
6713
2147
192
1657
4319
426
6404
86
4720
6884
6046
9357
2905
7195
5941
301
5939
36
211
1090
2981
1130
5085
9694
6090
4923
3431
8667
8661
2305
1906
5808
7762
9828
1192
8467
623
3278
2809
3967
7691
448
2534
70
3405
2739
3742
6264
9608
6433
7032
1316
1486
9412
2496
3133
3107
7567
3493
673
5395
4972
7027
7767
5750
1894
2364
8791
3218
601
7020
4175
4594
9462
8157
4146
9815
2555
9336
1491
4796
7570
45
2163
1598
6921
7765
1303
1019
1634
2486
1822
6714
1676
7735
8002
3164
6306
4629
8060
7393
6865
3189
3677
8110
6848
2346
1482
7869
1019
9481
1127
9798
9521
5388
648
8765
1664
1220
5876
3628
5612
5906
603
1506
9479
7816
3977
1340
5550
411
6571
4291
1920
7819
8386
8694
1125
503
2998
5769
28
8827
2188
686
6725
699
6507
900
3632
8308
7003
6349
5286
4593
7599
7284
8503
7244
565
3854
483
9797
1804
3056
3133
2536
8853
5650
876
2298
637
1411
6852
4372
1865
6845
6454
2355
6035
74
4803
2367
5637
4070
2038
2586
8883
1255
9778
5580
4510
5899
4793
5453
6102
4225
4320
4082
3039
6059
7519
8908
4599
6849
6285
5469
4759
970
8811
1004
6553
5287
3600
779
1209
8832
85
7127
8782
3091
3554
1967
9963
442
7769
3241
1761
5261
8512
7090
776
7544
8069
7477
8877
8301
6798
2125
1806
1837
6734
7726
3636
5235
4895
9889
5024
9378
2012
5262
8185
1089
2061
1743
8485
3763
3225
530
4870
556
5191
5776
4839
6577
5142
6652
2951
1679
6078
6702
2421
462
5990
6176
6653
5543
8
7320
7489
1604
2161
8
6236
8776
8445
4290
6275
2687
1651
3424
8077
4198
3052
2243
4340
7406
8650
1051
8397
5357
6567
1142
5124
9478
715
7676
459
5994
7779
4122
7493
879
8782
5885
334
1072
3369
2418
6942
117
8061
6763
6749
7204
7239
949
1337
4824
4105
2328
6741
3569
8848
5278
3076
9292
2341
7816
9239
3301
7960
6461
7492
1418
2953
612
7208
2594
1177
2981
5965
1197
305
6891
2815
4749
7648
4236
2523
9702
8155
5340
3306
8546
8257
9598
9613
3625
7901
6461
9897
6639
6751
7322
5653
749
3052
6183
769
4885
2661
6260
1769
8224
4598
8887
6458
4474
5088
4033
9237
689
6441
3679
9970
3913
6577
1406
9942
6740
25
6675
5896
6576
5104
345
9248
1409
5822
6092
2562
6417
596
7654
1882
5733
9987
9336
8887
5410
2349
2924
221
5279
1273
744
1333
221
7578
5894
9448
8981
1410
257
1725
6144
419
4290
5727
317
8071
2572
1314
2590
4208
2149
1239
8804
2818
790
5102
6285
4208
5845
8859
8746
2260
4833
5788
486
5939
605
8155
5700
7585
8817
4591
9768
9312
269
7175
3865
4975
3823
2314
5733
4705
9847
4952
4134
570
2841
5590
5523
3585
83
5944
4138
4611
6816
8287
9116
3861
3740
7957
3866
2444
1625
3799
4335
2080
1745
323
7293
1774
2317
1873
637
6973
8741
7
657
3555
2745
167
2941
3689
8047
4140
6117
828
766
9269
7448
7222
315
929
8222
9948
2226
4140
893
1001
5607
2073
6386
6540
9261
4560
7951
7885
9175
8025
6160
6613
333
1370
3586
1406
2802
1822
4357
7321
2259
7431
2049
8351
6002
3781
1288
9658
8436
8663
7419
341
5559
5665
239
177
1832
4271
6321
761
9381
3577
6200
1256
5870
2759
1130
4538
4225
8167
7378
2256
2839
8029
5344
1560
8825
3402
1665
8429
1270
9744
1584
2506
425
2820
8493
1957
1479
2085
5789
8137
7174
333
2419
7988
3893
9989
8942
3939
2855
3598
5938
475
1089
4573
7755
7610
9159
3015
4032
4252
3250
9710
5220
2962
6917
4362
4099
1216
5616
3947
8859
8998
8260
9373
7000
3986
7671
3133
2853
8611
8811
4876
2415
8577
1563
1602
8332
6475
8037
1557
845
5185
1166
217
9856
2548
6866
5754
553
7354
3163
5752
6657
4310
3461
9186
2671
3720
9215
7127
2855
6769
100
8936
6960
1529
2011
7442
8587
117
3307
7067
2336
2115
2243
1179
3947
4087
1689
2637
199
8139
7314
2725
2777
1491
8722
2900
8241
4495
2036
9626
333
8612
2619
4587
3038
7133
2762
5910
1422
8638
9009
7762
3122
1530
745
6297
109
5157
691
9754
7622
4172
1691
2809
3275
7171
9571
1050
7525
6447
5613
4846
1901
790
6312
813
7424
6020
4575
7381
7743
2432
463
6497
58
9982
6904
1998
3423
1477
1061
7562
3485
8883
6959
3277
61
4432
2191
8813
5955
8081
3699
2492
1106
6398
4547
1237
4670
7190
2484
488
4310
5569
3644
769
545
9623
7991
4031
3127
9055
6810
5620
4532
8538
9750
4121
281
8337
5120
8772
6740
5195
8782
3292
113
3284
8580
4124
5409
4171
1951
2118
345
8571
5186
2714
6366
8205
8944
3639
2624
2043
8137
897
5284
2231
8200
4660
5239
7629
2012
5384
863
1959
9318
7301
6324
2976
946
5145
3583
1627
3786
5720
9234
1173
5767
179
8777
776
4505
1388
7775
3809
6521
7768
3572
1892
6413
9702
5933
3038
1644
6048
8156
2604
5266
7296
1298
3450
5910
7381
914
4286
6459
229
9592
2327
9492
1813
7882
3520
2619
5031
8606
5241
9635
5251
540
584
5532
5081
4757
4507
5144
7269
8996
4193
860
7076
6292
7434
6248
5783
5202
2477
9947
1142
5892
201
7280
1975
1562
2685
5502
7183
2068
8139
1967
4231
7877
362
2670
418
2102
5660
1527
5727
1534
4928
6298
7002
9488
8569
928
2712
4790
1054
8497
2211
7837
2179
3477
2434
6544
1815
4105
412
7577
752
5893
1310
7814
2724
8140
3596
1449
4873
9395
9973
2770
7536
7749
2922
464
5245
8502
7935
8566
4314
9559
2675
9291
2093
9241
4061
4565
8359
5350
6616
3174
8846
8908
2192
1431
8157
2059
3517
4276
1434
8002
1503
249
345
8421
1707
1260
2303
2641
5862
1498
5546
7619
3870
1046
223
3622
7905
6207
4291
427
5944
9362
6334
3630
4452
4816
1053
518
2877
6226
2151
1725
919
9289
4515
4721
9557
842
1032
2139
1074
6331
1940
3134
9854
3591
1601
786
9653
7064
5493
9265
4039
6342
1881
5025
4147
138
5868
5572
2629
9864
7513
1756
6226
8525
2342
7331
9858
5109
4702
906
4493
4656
2450
2528
5705
1573
2171
21
2403
1576
9603
528
5867
2936
597
3182
901
2876
9890
6316
7517
1920
1686
9943
2843
5434
7882
2897
8087
6882
267
5207
2751
305
2698
9265
295
9337
2629
5737
1120
1957
2631
8848
1884
3202
9580
6077
49
3519
471
5047
5004
1585
3591
3253
3592
2506
6327
2340
5215
5914
6661
1961
1583
8727
70
8
6289
5385
120
4692
950
3737
8952
5896
6339
8124
6836
1269
3263
4170
6099
5565
7419
2211
1364
1008
3169
5540
2933
2548
8767
8886
2038
7674
6902
3145
5853
5694
9070
7919
5466
8768
4445
8523
7469
9313
1736
7308
5127
6976
5161
1941
5327
406
4273
4079
9590
414
6447
6416
1325
1913
6226
6638
997
3968
2028
95
8630
5996
583
2067
7013
4963
6028
164
5456
5475
4370
8364
3660
996
4996
24
4001
9145
4407
7164
6531
8264
170
2023
9653
7562
9934
5240
7353
7589
9384
3889
7051
6552
6564
9883
1247
5398
4764
6891
5784
2262
8794
7523
859
9018
6667
2156
1874
9024
4916
5602
7973
2006
1257
864
9974
2593
2187
2158
1372
398
1570
456
899
42
5468
353
4946
80
2661
1944
8621
6290
3351
3482
1595
6314
1475
5384
5995
7089
3921
3226
611
5903
8501
9219
6105
9908
1842
1783
5301
9382
1363
7963
22
9580
2312
9389
3029
3067
8062
9108
2503
5679
4642
1864
9958
1580
2599
68
9010
3589
566
8027
3124
4877
8101
8377
8532
2844
3243
8204
7836
3876
7875
659
7100
2548
3135
2597
2399
7373
5023
1013
8798
4516
291
5221
2019
7559
6157
4345
865
3044
5018
7693
642
1734
3666
4009
9505
9008
2829
9668
4121
1103
3161
1639
413
604
2234
4211
9178
63
6705
8069
8938
1162
4481
7497
4762
3189
7373
2430
5407
5941
8469
9609
276
3331
675
9563
2406
1978
4225
6887
1284
641
3918
3471
8305
1370
4929
9230
8701
8857
3676
1228
2723
7177
1348
7869
2692
4220
1648
6315
1011
4274
3137
9781
5586
2716
321
3496
685
6832
382
9197
2901
9952
1481
339
1953
5670
330
1279
9984
1059
6679
289
17
1161
7125
9672
1223
1525
6254
9609
7191
8769
2259
9452
3812
9752
4596
8647
621
156
5277
3935
4533
6084
4595
6972
3667
1370
5808
8141
9563
4629
5563
60
3517
7681
764
403
7756
3864
1406
8158
7986
4427
102
6787
2482
2193
3971
96
4094
36
1142
4292
2650
3975
6644
5873
3056
604
2521
2832
2118
7110
352
1429
1517
2811
544
20
8907
2348
9193
1125
8572
6680
1952
1348
1732
141
790
9004
3048
4992
8464
1460
8477
6448
8419
5626
9793
406
2654
2528
4313
1167
8476
5829
7915
8589
4698
2645
4973
3211
3574
9283
4189
767
8585
2390
4754
1589
4807
9841
563
3354
7060
5256
9687
374
2584
8128
4684
3150
1110
8566
7564
7352
6474
8003
3901
8560
3553
9326
1000
571
1454
2882
2909
5130
2874
1633
5652
6881
4875
394
1479
9416
6697
7959
3166
1586
4749
3050
8603
8877
4890
1977
4199
8569
3824
6007
6269
7772
158
805
8486
5365
1609
3785
8404
9711
411
9422
4978
1481
5565
3452
7308
3444
9239
6010
5020
9964
2391
8912
5252
7434
3713
3490
5763
5610
4647
5674
177
9
4121
9220
2605
1953
7454
8865
4410
3191
7811
1332
805
8740
547
657
8554
2740
2040
5543
5031
3276
4865
9243
1169
9103
6628
7991
5782
6082
7702
1683
8083
558
537
1939
3287
4278
2581
3840
3031
5754
8250
1564
9347
1596
901
6960
2393
5041
7938
6856
7737
4409
7232
882
8489
8434
5403
4530
4233
3786
6390
3722
810
7908
1063
488
6906
4174
7991
4976
6435
9088
394
2316
1574
871
5116
2321
529
7890
1869
9940
1353
1373
895
9517
2180
1484
5597
7387
7541
6570
1518
7559
3709
7588
2842
7789
3520
3055
1020
3545
2391
5313
3929
1646
4900
9742
9088
5549
5803
2033
4258
1716
6078
4526
196
5845
41
277
3794
9464
4112
170
8535
2275
8806
8323
9578
1993
704
2994
4715
5202
5961
9124
2335
74
3191
6505
584
3227
2813
9716
3784
3263
8562
2117
8583
3872
2706
8341
372
8899
1572
978
3064
4726
2652
5884
465
5413
9714
8415
1229
7843
3346
5650
117
582
5061
111
4781
8020
2833
1924
2921
8125
1900
4746
5217
3689
3638
7940
1192
2452
8456
4969
2602
614
4631
2006
1253
7288
5486
6094
8425
5444
811
4291
34
2012
2808
3562
4262
3134
4429
8377
7930
1239
1172
900
2826
3157
4669
2841
8681
2113
8051
7705
9285
653
2495
4392
414
1018
476
7926
4968
5294
7450
415
1408
1203
5175
6048
6252
2323
6235
5835
565
3
674
5885
2617
6222
7695
5549
748
1268
5631
936
5424
4402
4060
7787
1285
5236
820
6464
770
2455
729
3662
3508
852
2890
810
5382
2650
5249
8722
3602
8748
8382
1195
2135
7371
1909
7304
1868
2996
4611
463
740
6429
2742
135
1618
7196
6334
1077
2078
842
2639
6871
7704
4422
3128
1744
8157
7260
1305
1269
6377
3191
4256
5143
9100
8868
3173
850
1999
7306
5927
5509
1288
151
4790
884
8492
6620
7122
1787
5317
9372
3540
2691
852
4001
7819
5097
1257
1536
4298
3677
6480
1518
7473
1161
8638
1826
9112
4899
4893
3901
4195
2116
8837
6759
6514
3754
2780
7388
1432
8202
8782
5815
2159
1434
832
5838
4266
5007
3233
5246
2492
4882
9762
6072
887
7800
4984
7900
8486
2434
5328
3877
3247
6978
7026
3526
2595
5664
3609
307
9497
7820
946
5714
8986
452
9314
4179
2830
728
8349
399
6982
5324
5861
8893
2107
1502
8080
9291
4584
5177
1869
794
8899
6377
6904
2730
546
7807
5596
1417
763
3255
4920
5158
1180
5833
6229
9130
2013
8333
1671
7850
6162
1411
2674
8950
2422
1057
4207
8741
7364
814
3038
5141
7879
15
1390
1037
5173
111
2684
2614
1127
2245
1225
1850
7661
5168
2527
6027
2304
4550
6740
6231
9559
6590
4656
2138
2334
378
2588
5076
5780
1306
4987
8797
4435
8876
6349
1815
5190
5704
4306
5491
8470
2108
2252
198
1253
2019
2952
1597
6175
3995
8975
7486
6766
4742
8983
8513
1565
5729
7087
432
2686
4580
8284
6107
960
2906
6749
5582
1067
290
917
6871
4351
820
7802
4530
6540
8680
506
5032
4242
867
5662
9640
7437
9555
2161
7828
9049
1262
6210
1951
1004
2838
8360
8341
132
6095
501
2332
7182
7236
2303
2202
2313
5943
5083
8647
2011
1720
9210
2452
178
4488
7033
8492
2365
2381
6180
2298
2940
6248
331
5627
3717
4246
599
933
2777
325
1854
6440
5206
6952
2661
9397
2350
5691
8710
9660
6216
3674
4115
8602
261
9296
5193
386
6870
7148
4056
9995
7836
9545
5538
7995
4945
8477
6946
1779
4469
5362
767
4523
9643
3044
6593
7758
6437
7866
5172
3530
7772
8584
1290
6225
3829
7620
6886
515
7408
5448
5366
4224
4787
663
4256
6136
3335
1171
369
165
7234
3327
6305
9276
3365
8929
3115
9056
229
8154
1132
3991
895
1992
7834
9457
8360
8604
9031
1846
500
1448
2406
2448
6824
1467
9085
441
8673
2240
2091
7845
9542
8691
7708
3939
2075
5686
570
9216
8600
4596
2359
8093
8170
5412
4633
2131
3320
7583
421
7892
8264
4213
1263
4595
6195
6173
32
4614
806
332
7129
730
1851
3816
6087
7833
6007
4205
8327
3864
5637
3119
332
660
6707
1858
8063
2238
7388
1175
23
8243
118
5383
4585
9217
8828
6884
1745
2903
9646
2830
1522
8893
8296
6180
5498
820
2064
8572
4010
5551
180
9237
2868
8130
1988
3082
1061
234
8459
4954
8678
3037
6612
9798
510
99
2635
826
3514
101
3473
8623
6799
4869
7764
2848
9102
543
8911
4380
9034
990
6445
6348
3495
9185
5092
2342
2051
5199
8111
8545
4633
2954
5596
1033
5427
9648
7512
7573
2032
9847
3400
9799
3815
5354
2825
4308
4699
3487
6346
8725
303
6588
8936
2973
2076
1353
7162
8860
3248
4214
2671
6692
777
4752
3285
9706
5059
5505
1499
1822
8638
8022
601
5486
6147
9509
8030
5096
5800
3918
7002
4671
1282
2913
3070
2752
8651
9936
2176
6134
661
214
2147
7562
174
5737
8727
6863
7844
9468
156
621
2074
2121
7389
3548
6699
5117
1611
3172
2254
9411
807
2322
6459
5765
9013
8909
670
3552
6941
6394
3017
4136
5763
3373
7759
988
8265
7825
8782
267
2724
4442
2956
7416
604
584
1094
2426
1016
8847
1316
854
1594
9445
5809
9569
614
8092
7450
9664
9401
609
1141
5539
4727
9763
5876
4434
6613
6648
1130
790
3193
572
4845
9723
2687
9164
1517
1380
1213
2018
3187
9680
2185
3617
5869
5676
937
6532
1258
7977
2028
5714
5809
3679
6695
1957
4279
7778
6850
8891
9168
9156
3700
1420
3173
8171
1676
6126
8407
548
2546
6005
4403
632
2078
1150
8663
670
9495
46
3460
4274
126
5687
4356
276
3004
299
1821
8804
3816
8852
8199
2109
3902
4515
779
735
1213
7047
5997
3729
112
944
4443
1766
831
4324
5542
2528
550
642
2832
7651
2903
470
7910
8443
9740
253
5841
304
6255
9561
7320
8857
7133
5270
2376
4863
5000
6238
4006
1651
989
395
7428
6147
5302
4155
7810
8921
4816
7144
8327
516
4095
5976
3088
5451
9440
2402
4473
9455
207
5555
1114
5537
8715
1456
2851
2388
9575
9517
8715
3667
402
9197
6581
1222
3481
5930
8868
8913
3916
3496
8001
286
270
5157
298
6573
1088
2452
7101
2904
81
7338
726
9676
7647
3192
1733
148
4305
8666
1891
4360
3864
1151
3607
6679
658
3675
4836
4033
6993
1529
85
8760
9132
6933
5435
2935
8421
1225
3910
6148
4811
6918
2787
4034
4912
1253
3189
8298
4158
6974
4631
8011
7797
6873
3777
1055
488
7380
5625
5504
9641
5428
219
9978
2914
8959
6492
899
3317
1898
6332
5225
6
574
490
5531
712
6000
1564
299
2469
2001
751
4754
7843
2099
8076
5125
9459
1310
2172
3174
1131
1730
5917
1293
2214
7629
1413
985
7946
5535
6598
9489
3035
7787
2515
5248
8926
5681
3074
2929
1568
4507
626
2727
1624
453
3823
6817
4123
5696
6436
4891
5487
7624
2097
6136
465
3605
4701
639
9851
5551
5421
8836
9632
2310
4101
3960
5418
896
1342
739
5990
6756
121
1457
446
5142
6819
763
6632
5044
1402
7128
413
2657
1087
8484
3932
3520
1884
1471
6863
484
2616
6472
8367
1093
5976
2140
5268
4597
4633
9898
6495
2515
8891
2937
364
32
3664
5980
1970
7056
1077
3284
5597
5956
9856
2855
4478
8278
6747
7552
496
1220
8176
6151
3406
896
2662
1651
2772
391
8618
3277
7747
4289
7617
7782
8346
1337
2205
6491
721
3709
494
1992
7175
72
11
9851
1262
9214
4098
9883
8709
9304
1196
473
8983
8913
9700
9589
3138
7007
3610
3668
7243
3318
771
1840
3343
7626
3859
2401
3533
5715
2941
3275
7731
7142
6105
5079
7350
7474
5304
3623
8678
3096
949
1508
2161
6606
3661
8906
1862
7221
7328
567
9773
2346
5544
2352
3525
2586
217
1588
6654
5290
8265
4085
1833
1654
6258
5764
7565
7400
1686
860
9563
7147
6883
5714
1139
4176
9367
555
2584
2769
4901
7855
8498
85
1224
1789
6275
563
5816
8014
9165
618
9035
8302
3265
8752
4301
4137
634
4841
9427
6146
4204
7291
7549
7322
3111
3327
8202
6879
929
9435
560
1651
9410
2286
9820
8479
5425
2715
8759
6183
2976
1386
9914
9503
2260
3163
8707
5742
7047
7149
1896
2658
193
14
1675
1109
4708
8963
7039
9919
1735
890
4250
6923
1334
5134
4364
8750
1255
5324
95
3909
5600
6019
2751
8191
2728
7505
2587
2204
3963
412
4557
1571
6034
2461
9863
2394
7090
5796
3774
5873
9059
8696
2251
9184
5924
9086
4447
7555
8798
8092
8279
2322
4614
7214
4257
1798
8870
9512
926
2921
3070
9453
8361
7150
2215
5824
118
5345
4249
8969
2862
3407
3406
3995
3786
4489
438
8867
7918
5077
3996
7539
872
326
5960
864
3865
1917
263
6505
8884
608
1656
7833
2516
7194
8440
4719
3395
1906
8545
7900
1480
2577
4494
5820
2720
2206
2194
9640
8112
124
314
5307
1146
2903
2880
4372
2031
9835
1233
6460
1796
4054
9841
617
5559
2591
862
577
6980
7334
9634
739
8899
3133
1261
8322
4788
7784
4114
836
7694
3969
6592
922
1476
5583
6981
9409
3002
6536
8094
2473
1334
7061
578
4370
8746
9461
383
5488
5569
7428
5540
7143
1576
4525
1858
8007
8671
8910
4717
6158
4816
7579
4727
6266
1647
7206
9934
846
2050
4397
8069
1687
2115
2276
7953
8863
7124
8085
3285
3890
4035
1301
9888
2735
8062
7592
8116
6497
9384
4888
2587
9743
4189
546
4757
8337
3314
4386
9013
7828
9937
1025
3133
2975
3395
123
7815
903
9534
8438
8902
8112
1890
1375
828
4645
2398
5639
3853
3306
7656
2799
9139
2767
3245
463
8708
9256
3846
5357
7089
8235
6748
9884
8944
3721
9069
4339
7149
6033
3072
4656
1948
66
3285
620
4881
4271
9648
8897
2100
7528
3319
5801
1391
2374
5978
777
7818
3494
6947
590
1562
5915
5294
2439
3141
7501
442
4739
233
230
3088
572
189
6783
9781
5316
6936
3446
8667
8990
2337
8915
6380
2065
1958
7211
7401
168
2545
8949
9264
9406
6504
1755
7708
1544
9812
4707
690
6147
5252
4814
1497
4177
4003
5953
4809
2285
9175
1042
9336
7
6028
4037
8720
1372
752
1896
789
4245
4256
4795
6549
8900
7747
7076
1617
9754
2261
3618
3164
2236
2151
6001
8465
5927
1285
2078
1978
4433
6616
1899
7022
2962
5549
116
5162
5748
3285
851
3203
7
4607
3633
7499
2248
9491
3007
2899
3778
240
404
5856
4453
2009
7047
2417
4902
1915
319
2303
9672
2642
2360
6422
5802
796
9498
6867
6064
3438
3397
9966
6918
3398
3183
2682
402
1536
1106
6763
26
2717
3583
6935
7558
3201
2711
1104
5415
3916
956
8673
4760
7932
7507
2183
628
5345
6877
7938
6504
2385
8662
188
1371
5180
749
7305
395
979
7205
3904
4601
3412
1260
905
2392
5241
954
9463
8705
66
1084
8616
7003
1536
1154
3818
2010
1988
2069
7120
6261
9671
4510
1237
1148
955
1523
9521
9802
6050
8642
3274
2231
4190
2195
5213
2034
4936
4008
7293
4637
2356
1225
2603
4248
5333
4158
8022
8675
9966
7244
7797
606
4905
7540
1507
2036
938
5816
1049
6743
9510
8719
387
5645
4433
267
4716
3948
4694
2841
9883
1074
6459
1481
7442
7656
1267
5039
820
3511
7733
2457
760
3660
525
321
411
5672
1794
9061
4858
8187
8024
2246
1776
8962
1670
8942
3373
606
2523
9925
8008
4504
29
2613
8423
1698
9650
9357
9260
1871
5730
2883
8673
9013
1804
2461
3927
6162
9401
6274
7484
3341
14
2765
9468
463
3718
2338
8089
7793
959
3699
1773
6647
2707
9429
1631
1390
858
1407
3109
3266
846
8819
7145
1875
5151
4000
751
7305
6088
5895
5638
3029
7810
5325
2045
890
9303
4160
7639
1836
9210
4109
9538
7848
2277
161
4405
2292
867
6990
7000
6904
3647
145
888
5230
1501
2018
3371
4293
1703
412
6209
3084
1034
941
3579
5149
6371
8768
5440
7912
1012
9833
7918
3682
4043
5392
7647
6045
2949
5106
2748
6154
2223
4629
4789
8140
157
2331
8066
2015
1471
8504
2420
5417
7680
4903
4703
608
4848
4569
7852
3436
2933
3824
7322
8349
9758
3596
5205
4832
4280
1795
8730
4079
5572
7926
1145
4679
489
9490
6604
7822
5366
2900
3207
2484
267
8465
4305
3257
5576
8933
7570
7440
2677
2234
9181
1282
7620
59
5568
4150
6565
9065
7113
7903
1912
5278
8588
534
7464
4016
82
7690
8118
6984
9380
54
2451
4388
9528
1554
9682
506
235
3964
2477
2718
416
6072
2279
726
1864
7269
7106
427
8322
7315
4210
9811
4229
9170
1650
701
2316
7292
9829
2028
3617
7206
3487
6936
4077
3650
3670
4129
3358
5897
5699
4438
42
3239
5901
6661
1860
3543
1576
5363
1037
626
9114
7006
4284
1826
8142
5841
8145
1995
8125
3352
1542
796
7161
6341
9911
1858
1564
1458
4628
1134
241
8056
7028
7464
8800
1279
733
2868
2944
7623
497
4148
6952
231
2378
8590
8710
8931
1738
6863
9844
9699
3420
992
5624
4338
15
9881
1067
9269
6372
6419
669
205
6902
5890
3271
350
3834
1218
9776
6928
7431
49
5572
2437
6775
94
6881
973
9982
2817
2740
4935
1387
9579
6628
4169
2861
9423
4637
2225
2791
3505
7777
6252
6215
9821
3593
296
5620
2347
6242
7270
6358
1266
6502
7234
3146
4747
7320
5
3558
1544
6548
9738
4986
5044
7989
2272
1784
812
5641
112
8261
2991
1795
5839
7008
258
496
7126
722
3319
3804
5840
2823
1054
486
7812
1804
2572
4753
4500
6937
6124
5756
8213
1169
7492
356
2128
4536
6841
6664
2296
1797
6021
7485
1805
648
2360
5619
7504
1181
4508
5064
6872
6161
6206
4716
8020
468
3066
6741
7202
7312
1030
2996
4048
4298
337
2743
5953
966
4461
5040
1570
9824
4284
5206
6797
1224
8215
3658
2141
5373
6836
2685
7796
8429
9369
1136
8522
1499
7340
6444
6822
1203
8732
8420
8818
603
4774
4231
1930
9178
321
1786
4773
637
11
8149
1128
9383
9607
4685
711
153
1766
9395
317
8242
2887
2602
637
4665
9818
7087
6346
3385
329
3092
3684
6492
5304
3965
6981
5531
7995
7134
2171
5477
4282
2340
4918
6798
5249
3524
4164
1481
9611
6290
2107
5241
4336
1187
8039
7141
7164
260
7492
9659
9378
60
463
246
9745
9455
5064
178
2453
7765
842
1919
3185
2170
1486
628
780
1447
6877
9959
5690
4530
2341
90
4381
3713
9518
5207
7659
7620
717
1312
3601
1588
553
4784
6456
1046
572
4294
6663
2341
4060
484
6121
9327
8426
7362
6001
1711
2810
6360
1403
3643
1701
4476
4453
686
8987
8089
126
3656
2445
1729
413
6388
6010
8739
7109
1915
7705
7312
9447
3208
9143
9099
1337
1099
6528
6208
3174
1250
6579
8871
1462
3221
6833
8344
4608
1824
5478
6880
1165
8455
8908
7013
1390
2388
5708
4311
6689
5301
1094
2456
2095
228
8531
2029
9322
7607
3625
165
8725
6217
9615
2010
5588
2920
8658
2661
1831
6065
3143
2855
3457
4936
1233
7061
7805
9501
1942
9411
723
5579
2413
3973
5591
1411
8090
2018
2178
4569
3517
6026
6006
1980
4008
8777
5116
764
4064
2188
8337
8791
5718
9156
224
8853
5894
7256
5089
8549
1055
1056
8051
1655
3764
1600
5077
2284
498
913
7020
538
1508
6070
5296
8660
6964
5741
9159
7609
1443
2708
4966
1836
7594
3567
8005
1557
9793
5079
1138
5110
8352
9205
5289
3568
9828
7168
2627
3750
3557
2435
4269
6898
8870
1906
6571
1751
2508
7950
4603
4376
5154
8262
5022
4551
8284
9585
3877
1696
8571
7962
5241
8438
417
155
7902
1422
181
9693
8
2539
2953
6015
3199
7866
8378
5093
1199
4271
856
6787
2723
351
3830
6682
5970
7200
4116
1505
1002
1821
4908
9896
9149
2543
4489
3146
1897
5385
6975
289
381
7986
9495
190
8089
488
4313
9288
8548
8451
6271
1045
1492
4887
4839
4055
2202
9263
4842
2105
315
6246
1915
3130
6006
5111
2930
2057
1059
3993
5561
2786
2137
9715
3574
903
3763
7414
2459
867
3843
202
3675
2459
3272
2937
7053
7494
7804
6668
2565
6030
6065
418
2514
6471
1421
280
450
8176
5251
8614
2797
344
2292
8262
9008
1507
6662
1354
1800
7229
4772
7422
3106
6334
5430
9516
2544
7902
3794
2863
1743
2570
3043
2618
7287
1448
5161
6937
2418
4664
7649
3448
4273
8844
5863
3379
891
7226
8233
3390
2823
5102
5949
1686
6957
9221
4182
8007
7656
4440
5347
9440
1950
8421
4889
1188
9395
6149
3922
418
5482
4857
9205
5527
4318
726
952
9570
6048
6227
468
7432
290
3936
8920
9322
2740
8473
752
9092
7468
59
103
9975
7883
2151
251
7305
2430
9685
4097
6971
8018
3962
4184
1947
8764
9453
9201
9483
9815
5782
6975
1922
7695
4200
2156
338
318
7154
2445
1818
1333
3200
4327
28
2126
5271
3858
3281
4255
6656
9004
3132
9682
4596
5697
3708
2178
3978
2570
6054
952
3340
835
1971
1735
5697
1058
3958
2981
2967
9877
5297
9035
8862
2282
6071
6847
1165
981
5957
1472
991
6126
9117
3553
9550
9097
803
3402
7044
3786
364
6107
8221
6744
9987
6146
8177
7953
1390
5295
5488
1438
7008
166
303
9625
2097
2101
626
204
539
6647
9338
2636
6054
9528
721
8582
2662
1706
7956
6969
5475
5975
2689
9940
5674
632
7952
4865
290
789
4470
4370
1729
1982
4568
6170
5776
3065
9086
7888
5068
6621
2136
2640
8127
927
2949
8898
4943
3403
5969
399
6437
1909
5342
3441
2640
3632
2359
7978
1994
4271
4305
8152
5371
7082
4195
4199
1230
7268
3848
9240
417
9738
6386
7169
2128
7886
7409
5333
2740
773
2436
7589
1976
5917
495
6342
1789
628
2526
3173
2590
3973
4025
6649
5606
196
5512
152
1793
4587
697
12
7521
4774
1807
4183
7906
1197
989
6485
143
367
8660
674
2806
1287
1562
1051
2393
4762
2300
489
4615
478
7301
3195
6779
1394
1406
2931
5555
8329
6216
3733
8451
312
4680
8571
3451
1235
2451
1500
679
1939
8043
7022
3317
7499
2136
521
8252
8987
2090
9662
9819
2260
749
5512
7760
1180
1950
66
1514
8613
2702
10
2577
906
6773
2148
1508
6265
7960
8369
6867
2279
9470
5394
2655
3616
4912
8247
7070
9454
3327
7357
6404
4605
7322
6328
254
4332
4848
1549
7888
3446
4322
1763
2098
7074
6413
6426
5734
9671
2791
93
9597
8612
7319
1476
875
6591
8298
1038
1080
9357
8468
4397
1784
3458
5684
1682
9869
8825
4987
1530
4876
3189
5421
2457
7582
6377
184
7078
7303
7189
7926
2983
8124
7970
8062
3423
5552
193
9808
9012
3648
2318
8224
4070
2593
7115
834
8158
1206
9674
6583
9395
9126
8858
2215
3330
9661
9575
5696
9471
1073
9675
6221
6663
9000
7817
890
3544
5176
4379
4359
67
8208
1770
7100
3825
1909
1759
716
8420
5535
7864
2109
3151
6502
5517
8327
4473
4566
8931
1578
365
8347
5872
5173
4069
1609
5424
1556
8313
218
3160
4282
3715
5486
1577
7856
8037
2030
5928
5148
2909
8658
5883
2293
7735
2084
4422
9253
6515
8596
982
7489
4521
2412
6878
6918
8682
6471
5729
8532
3897
7598
3967
6543
4474
2884
7107
7043
5242
7235
3276
4120
912
1973
2187
1654
3314
4632
3644
6203
634
6412
2697
1339
5322
5774
6139
6535
7293
8634
6242
2385
6161
6220
1047
2750
7410
9560
768
9469
1977
8252
9812
2264
9493
9714
2271
8505
8680
7658
9144
3951
1317
9975
8082
368
3080
4616
4992
8208
7
1514
2140
867
7895
5900
2073
4688
3667
276
8167
968
7865
9488
6664
3317
3492
4480
2065
3877
2321
8354
2002
5753
3596
6845
2650
4537
571
7106
9893
763
1935
8591
5639
9363
518
6743
8765
6013
4931
927
882
3929
7762
7337
5615
6727
9366
8934
1767
8131
5190
5896
5650
1202
5816
2950
2344
4830
4732
628
6881
8733
2573
4482
7690
441
6211
4227
6267
7788
8972
4705
3063
3467
6220
174
8035
1045
8579
5806
5850
9883
6862
5908
1408
65
9632
4283
150
8790
9426
9014
2653
2993
889
5561
7983
460
5784
1353
2074
8486
1333
4865
3758
1252
9184
2824
7642
7767
8673
6191
9218
6004
2145
3231
179
3983
13
4130
5018
9449
5446
2544
9026
4589
7468
2110
2172
2341
4204
338
8804
5682
8103
3033
1825
4444
9525
1021
8813
4726
4970
1249
3814
4390
4472
9151
6293
308
6933
2453
2941
6401
3279
6250
4630
6441
669
4471
5722
7260
4439
1540
8655
5433
4217
6432
2087
2300
2580
790
8276
5466
1637
508
7552
2266
2506
6941
8124
9959
1986
8202
7575
1955
7573
8844
1521
4414
2164
286
1761
1880
8082
2840
7252
7363
2387
9582
871
8492
5075
1835
2343
2635
619
792
7078
4040
1839
3554
7473
9569
1772
1467
2384
7754
2672
5487
4109
6244
6938
1097
3225
2193
3652
1335
4267
1271
3101
2604
7706
4323
8972
4772
749
6287
1634
7293
6081
6215
3920
693
5723
4873
1737
702
6799
3692
4313
6089
6385
4306
518
2978
6249
2448
2133
7800
5564
9901
1232
3984
1928
8281
